device=NVIDIA RTX A6000
shape=width5376,max_rows=1024,seed=0x20260618
iters=300,warmup_iters=50,trials=7
cudnn_frontend=not_compiled
rows,rms_ms,rms_gib_s,rms_graph_kernel_ms,rms_graph_kernel_gib_s,cudnn_ms,cudnn_gib_s,cudnn_graph_kernel_ms,cudnn_graph_kernel_gib_s,cudnn_max_abs,scale_free_ms,scale_free_gib_s,scale_free_graph_kernel_ms,scale_free_graph_kernel_gib_s,cudnn_one_scale_ms,cudnn_one_scale_gib_s,cudnn_one_scale_graph_kernel_ms,cudnn_one_scale_graph_kernel_gib_s,cudnn_one_scale_max_abs,scale_free_vs_cudnn_one_scale,residual_ms,fused_ms,split_ms,fused_vs_split,fused_graph_kernel_ms,split_graph_kernel_ms,fused_graph_vs_split_graph,cudnn_split_ms,cudnn_split_graph_ms,fused_vs_cudnn_split,cudnn_split_max_abs
1,0.007688,3.907,0.001962,15.312,-1.000000,0.000,-1.000000,0.000,-1,0.009480,2.113,0.004935,4.058,-1.000000,0.000,-1.000000,0.000,-1,-1.000,0.008226,0.007603,0.012554,1.651,0.002210,0.003076,1.392,-1.000000,-1.000000,-1.000,-1
4,0.014304,8.401,0.006276,19.147,-1.000000,0.000,-1.000000,0.000,-1,0.012913,6.204,0.005062,15.827,-1.000000,0.000,-1.000000,0.000,-1,-1.000,0.013109,0.007519,0.017393,2.313,0.001876,0.007416,3.954,-1.000000,-1.000000,-1.000,-1
16,0.006961,69.050,0.006294,76.366,-1.000000,0.000,-1.000000,0.000,-1,0.009862,32.492,0.005062,63.304,-1.000000,0.000,-1.000000,0.000,-1,-1.000,0.008318,0.009282,0.017317,1.866,0.001953,0.007473,3.827,-1.000000,-1.000000,-1.000,-1
64,0.008620,223.047,0.006527,294.565,-1.000000,0.000,-1.000000,0.000,-1,0.012361,103.691,0.005089,251.856,-1.000000,0.000,-1.000000,0.000,-1,-1.000,0.008727,0.009251,0.021165,2.288,0.002866,0.008185,2.856,-1.000000,-1.000000,-1.000,-1
256,0.012163,632.265,0.008389,916.715,-1.000000,0.000,-1.000000,0.000,-1,0.010373,494.244,0.006191,828.068,-1.000000,0.000,-1.000000,0.000,-1,-1.000,0.010952,0.018320,0.024450,1.335,0.017202,0.019812,1.152,-1.000000,-1.000000,-1.000,-1
1024,0.044190,696.131,0.043168,712.612,-1.000000,0.000,-1.000000,0.000,-1,0.037188,551.469,0.036210,566.361,-1.000000,0.000,-1.000000,0.000,-1,-1.000,0.050226,0.066932,0.094925,1.418,0.065862,0.092680,1.407,-1.000000,-1.000000,-1.000,-1
