device=NVIDIA RTX A6000
shape=width5376,max_rows=1024,seed=0x20260618
iters=100,warmup_iters=20,trials=5
cudnn_frontend=not_compiled
rows,rms_ms,rms_gib_s,rms_graph_kernel_ms,rms_graph_kernel_gib_s,cudnn_ms,cudnn_gib_s,cudnn_graph_kernel_ms,cudnn_graph_kernel_gib_s,cudnn_max_abs,scale_free_ms,scale_free_gib_s,scale_free_graph_kernel_ms,scale_free_graph_kernel_gib_s,cudnn_one_scale_ms,cudnn_one_scale_gib_s,cudnn_one_scale_graph_kernel_ms,cudnn_one_scale_graph_kernel_gib_s,cudnn_one_scale_max_abs,scale_free_vs_cudnn_one_scale,residual_ms,fused_ms,split_ms,fused_vs_split,fused_graph_kernel_ms,split_graph_kernel_ms,fused_graph_vs_split_graph,cudnn_split_ms,cudnn_split_graph_ms,fused_vs_cudnn_split,cudnn_split_max_abs
1,0.009303,3.229,0.002308,13.015,-1.000000,0.000,-1.000000,0.000,-1,0.012287,1.630,0.005557,3.604,-1.000000,0.000,-1.000000,0.000,-1,-1.000,0.010390,0.012303,0.017913,1.456,0.002456,0.003491,1.421,-1.000000,-1.000000,-1.000,-1
4,0.012363,9.720,0.007588,15.836,-1.000000,0.000,-1.000000,0.000,-1,0.010523,7.613,0.005202,15.399,-1.000000,0.000,-1.000000,0.000,-1,-1.000,0.008969,0.008915,0.017151,1.924,0.001998,0.008701,4.355,-1.000000,-1.000000,-1.000,-1
16,0.009936,48.373,0.007644,62.884,-1.000000,0.000,-1.000000,0.000,-1,0.007658,41.844,0.005205,61.565,-1.000000,0.000,-1.000000,0.000,-1,-1.000,0.010574,0.005786,0.017483,3.022,0.002066,0.009003,4.357,-1.000000,-1.000000,-1.000,-1
64,0.012708,151.293,0.007733,248.630,-1.000000,0.000,-1.000000,0.000,-1,0.011420,112.238,0.005203,246.352,-1.000000,0.000,-1.000000,0.000,-1,-1.000,0.009973,0.012683,0.019477,1.536,0.002913,0.009535,3.273,-1.000000,-1.000000,-1.000,-1
256,0.012860,598.034,0.008909,863.178,-1.000000,0.000,-1.000000,0.000,-1,0.012304,416.679,0.006079,843.382,-1.000000,0.000,-1.000000,0.000,-1,-1.000,0.011038,0.018477,0.022200,1.201,0.017325,0.020692,1.194,-1.000000,-1.000000,-1.000,-1
1024,0.046867,656.368,0.045566,675.096,-1.000000,0.000,-1.000000,0.000,-1,0.036659,559.423,0.035778,573.197,-1.000000,0.000,-1.000000,0.000,-1,-1.000,0.050373,0.066982,0.097110,1.450,0.065964,0.094909,1.439,-1.000000,-1.000000,-1.000,-1
