device=NVIDIA RTX A6000
shape=width5376,max_rows=1024,seed=0x20260618
iters=300,warmup_iters=50,trials=7
cudnn_frontend=not_compiled
rows,rms_ms,rms_gib_s,rms_graph_kernel_ms,rms_graph_kernel_gib_s,cudnn_ms,cudnn_gib_s,cudnn_graph_kernel_ms,cudnn_graph_kernel_gib_s,cudnn_max_abs,scale_free_ms,scale_free_gib_s,scale_free_graph_kernel_ms,scale_free_graph_kernel_gib_s,cudnn_one_scale_ms,cudnn_one_scale_gib_s,cudnn_one_scale_graph_kernel_ms,cudnn_one_scale_graph_kernel_gib_s,cudnn_one_scale_max_abs,scale_free_vs_cudnn_one_scale,residual_ms,fused_ms,split_ms,fused_vs_split,fused_graph_kernel_ms,split_graph_kernel_ms,fused_graph_vs_split_graph,cudnn_split_ms,cudnn_split_graph_ms,fused_vs_cudnn_split,cudnn_split_max_abs
1,0.009863,3.046,0.001972,15.231,-1.000000,0.000,-1.000000,0.000,-1,0.011411,1.755,0.004950,4.046,-1.000000,0.000,-1.000000,0.000,-1,-1.000,0.007758,0.011100,0.019765,1.781,0.002217,0.003326,1.500,-1.000000,-1.000000,-1.000,-1
4,0.007708,15.589,0.006300,19.073,-1.000000,0.000,-1.000000,0.000,-1,0.010637,7.531,0.005064,15.818,-1.000000,0.000,-1.000000,0.000,-1,-1.000,0.008054,0.008936,0.017842,1.997,0.001889,0.007843,4.151,-1.000000,-1.000000,-1.000,-1
16,0.011044,43.523,0.006327,75.972,-1.000000,0.000,-1.000000,0.000,-1,0.009682,33.094,0.005091,62.938,-1.000000,0.000,-1.000000,0.000,-1,-1.000,0.005998,0.007173,0.017249,2.405,0.001970,0.007842,3.982,-1.000000,-1.000000,-1.000,-1
64,0.007172,268.069,0.006564,292.914,-1.000000,0.000,-1.000000,0.000,-1,0.007972,160.785,0.005127,249.975,-1.000000,0.000,-1.000000,0.000,-1,-1.000,0.006946,0.007354,0.016462,2.239,0.002909,0.008204,2.820,-1.000000,-1.000000,-1.000,-1
256,0.015094,509.518,0.008422,913.173,-1.000000,0.000,-1.000000,0.000,-1,0.012222,419.487,0.006232,822.682,-1.000000,0.000,-1.000000,0.000,-1,-1.000,0.011007,0.018371,0.021413,1.166,0.017247,0.019770,1.146,-1.000000,-1.000000,-1.000,-1
1024,0.044281,694.692,0.043177,712.459,-1.000000,0.000,-1.000000,0.000,-1,0.037203,551.246,0.036210,566.356,-1.000000,0.000,-1.000000,0.000,-1,-1.000,0.050372,0.066874,0.095173,1.423,0.065848,0.093016,1.413,-1.000000,-1.000000,-1.000,-1
