device=NVIDIA RTX A6000
shape=width5376,max_rows=1024,seed=0x20260618
iters=300,warmup_iters=50,trials=7
cudnn_frontend=not_compiled
rows,rms_ms,rms_gib_s,rms_graph_kernel_ms,rms_graph_kernel_gib_s,cudnn_ms,cudnn_gib_s,cudnn_graph_kernel_ms,cudnn_graph_kernel_gib_s,cudnn_max_abs,scale_free_ms,scale_free_gib_s,scale_free_graph_kernel_ms,scale_free_graph_kernel_gib_s,cudnn_one_scale_ms,cudnn_one_scale_gib_s,cudnn_one_scale_graph_kernel_ms,cudnn_one_scale_graph_kernel_gib_s,cudnn_one_scale_max_abs,scale_free_vs_cudnn_one_scale,residual_ms,fused_ms,split_ms,fused_vs_split,fused_graph_kernel_ms,split_graph_kernel_ms,fused_graph_vs_split_graph,cudnn_split_ms,cudnn_split_graph_ms,fused_vs_cudnn_split,cudnn_split_max_abs
1,0.007764,3.869,0.002098,14.316,-1.000000,0.000,-1.000000,0.000,-1,0.010725,1.867,0.005154,3.886,-1.000000,0.000,-1.000000,0.000,-1,-1.000,0.008625,0.008256,0.015715,1.904,0.002340,0.003218,1.375,-1.000000,-1.000000,-1.000,-1
4,0.009133,13.157,0.006462,18.596,-1.000000,0.000,-1.000000,0.000,-1,0.011070,7.236,0.005191,15.431,-1.000000,0.000,-1.000000,0.000,-1,-1.000,0.008429,0.009294,0.019867,2.138,0.001968,0.007694,3.909,-1.000000,-1.000000,-1.000,-1
16,0.009264,51.886,0.006532,73.587,-1.000000,0.000,-1.000000,0.000,-1,0.010373,30.891,0.005223,61.354,-1.000000,0.000,-1.000000,0.000,-1,-1.000,0.007357,0.010502,0.017825,1.697,0.002055,0.007786,3.788,-1.000000,-1.000000,-1.000,-1
64,0.009712,197.971,0.006621,290.370,-1.000000,0.000,-1.000000,0.000,-1,0.010926,117.312,0.005253,244.010,-1.000000,0.000,-1.000000,0.000,-1,-1.000,0.008210,0.010484,0.016908,1.613,0.002691,0.008381,3.114,-1.000000,-1.000000,-1.000,-1
256,0.009041,850.631,0.008191,938.908,-1.000000,0.000,-1.000000,0.000,-1,0.008307,617.154,0.006353,807.072,-1.000000,0.000,-1.000000,0.000,-1,-1.000,0.011028,0.018287,0.021422,1.171,0.017211,0.019787,1.150,-1.000000,-1.000000,-1.000,-1
1024,0.044546,690.565,0.043417,708.518,-1.000000,0.000,-1.000000,0.000,-1,0.037305,549.737,0.036308,564.827,-1.000000,0.000,-1.000000,0.000,-1,-1.000,0.050347,0.066996,0.094705,1.414,0.065889,0.092464,1.403,-1.000000,-1.000000,-1.000,-1
