device=NVIDIA RTX A6000
shape=width5376,max_rows=1024,seed=0x20260618
iters=300,warmup_iters=50,trials=7
cudnn_frontend=not_compiled
rows,rms_ms,rms_gib_s,rms_graph_kernel_ms,rms_graph_kernel_gib_s,cudnn_ms,cudnn_gib_s,cudnn_graph_kernel_ms,cudnn_graph_kernel_gib_s,cudnn_max_abs,scale_free_ms,scale_free_gib_s,scale_free_graph_kernel_ms,scale_free_graph_kernel_gib_s,cudnn_one_scale_ms,cudnn_one_scale_gib_s,cudnn_one_scale_graph_kernel_ms,cudnn_one_scale_graph_kernel_gib_s,cudnn_one_scale_max_abs,scale_free_vs_cudnn_one_scale,residual_ms,fused_ms,split_ms,fused_vs_split,fused_graph_kernel_ms,split_graph_kernel_ms,fused_graph_vs_split_graph,cudnn_split_ms,cudnn_split_graph_ms,fused_vs_cudnn_split,cudnn_split_max_abs
1,0.009673,3.106,0.001980,15.175,-1.000000,0.000,-1.000000,0.000,-1,0.009158,2.187,0.004960,4.037,-1.000000,0.000,-1.000000,0.000,-1,-1.000,0.007709,0.009092,0.013804,1.518,0.002243,0.003244,1.446,-1.000000,-1.000000,-1.000,-1
4,0.011225,10.705,0.006312,19.037,-1.000000,0.000,-1.000000,0.000,-1,0.008719,9.188,0.005079,15.773,-1.000000,0.000,-1.000000,0.000,-1,-1.000,0.007714,0.008546,0.021384,2.502,0.001941,0.007602,3.917,-1.000000,-1.000000,-1.000,-1
16,0.012564,38.256,0.006334,75.886,-1.000000,0.000,-1.000000,0.000,-1,0.010036,31.928,0.005121,62.577,-1.000000,0.000,-1.000000,0.000,-1,-1.000,0.008772,0.008319,0.018536,2.228,0.001959,0.007641,3.901,-1.000000,-1.000000,-1.000,-1
64,0.009169,209.691,0.006576,292.377,-1.000000,0.000,-1.000000,0.000,-1,0.010039,127.673,0.005122,250.246,-1.000000,0.000,-1.000000,0.000,-1,-1.000,0.008533,0.008055,0.020950,2.601,0.002876,0.008256,2.871,-1.000000,-1.000000,-1.000,-1
256,0.009232,833.057,0.008449,910.176,-1.000000,0.000,-1.000000,0.000,-1,0.010028,511.245,0.006249,820.505,-1.000000,0.000,-1.000000,0.000,-1,-1.000,0.011165,0.018343,0.021658,1.181,0.017249,0.020058,1.163,-1.000000,-1.000000,-1.000,-1
1024,0.044258,695.049,0.043157,712.779,-1.000000,0.000,-1.000000,0.000,-1,0.037220,550.996,0.036204,566.446,-1.000000,0.000,-1.000000,0.000,-1,-1.000,0.050184,0.066903,0.094819,1.417,0.065815,0.092623,1.407,-1.000000,-1.000000,-1.000,-1
