device=NVIDIA RTX A6000
shape=width5376,max_rows=1024,seed=0x20260618
iters=100,warmup_iters=20,trials=5
cudnn_frontend=not_compiled
rows,rms_ms,rms_gib_s,rms_graph_kernel_ms,rms_graph_kernel_gib_s,cudnn_ms,cudnn_gib_s,cudnn_graph_kernel_ms,cudnn_graph_kernel_gib_s,cudnn_max_abs,scale_free_ms,scale_free_gib_s,scale_free_graph_kernel_ms,scale_free_graph_kernel_gib_s,cudnn_one_scale_ms,cudnn_one_scale_gib_s,cudnn_one_scale_graph_kernel_ms,cudnn_one_scale_graph_kernel_gib_s,cudnn_one_scale_max_abs,scale_free_vs_cudnn_one_scale,residual_ms,fused_ms,split_ms,fused_vs_split,fused_graph_kernel_ms,split_graph_kernel_ms,fused_graph_vs_split_graph,cudnn_split_ms,cudnn_split_graph_ms,fused_vs_cudnn_split,cudnn_split_max_abs
1,0.007497,4.007,0.002215,13.562,-1.000000,0.000,-1.000000,0.000,-1,0.010858,1.844,0.005197,3.854,-1.000000,0.000,-1.000000,0.000,-1,-1.000,0.007637,0.012202,0.021637,1.773,0.002502,0.003411,1.363,-1.000000,-1.000000,-1.000,-1
4,0.011333,10.603,0.006898,17.419,-1.000000,0.000,-1.000000,0.000,-1,0.006095,13.144,0.005221,15.343,-1.000000,0.000,-1.000000,0.000,-1,-1.000,0.009334,0.009309,0.019844,2.132,0.001947,0.008020,4.119,-1.000000,-1.000000,-1.000,-1
16,0.013034,36.877,0.006949,69.170,-1.000000,0.000,-1.000000,0.000,-1,0.007203,44.485,0.005356,59.825,-1.000000,0.000,-1.000000,0.000,-1,-1.000,0.007089,0.007121,0.012864,1.806,0.002053,0.008324,4.054,-1.000000,-1.000000,-1.000,-1
64,0.012135,158.434,0.007101,270.759,-1.000000,0.000,-1.000000,0.000,-1,0.009373,136.741,0.005257,243.832,-1.000000,0.000,-1.000000,0.000,-1,-1.000,0.009096,0.009207,0.017522,1.903,0.002965,0.009512,3.208,-1.000000,-1.000000,-1.000,-1
256,0.010779,713.451,0.009123,843.012,-1.000000,0.000,-1.000000,0.000,-1,0.008167,627.737,0.006423,798.253,-1.000000,0.000,-1.000000,0.000,-1,-1.000,0.011068,0.018399,0.022171,1.205,0.017458,0.020476,1.173,-1.000000,-1.000000,-1.000,-1
1024,0.045533,675.595,0.044578,690.066,-1.000000,0.000,-1.000000,0.000,-1,0.037310,549.663,0.036412,563.208,-1.000000,0.000,-1.000000,0.000,-1,-1.000,0.050328,0.067010,0.095977,1.432,0.066083,0.094006,1.423,-1.000000,-1.000000,-1.000,-1
