device=NVIDIA RTX A6000
shape=width5376,max_rows=1024,seed=0x20260618
iters=100,warmup_iters=20,trials=5
cudnn_frontend=not_compiled
rows,rms_ms,rms_gib_s,rms_graph_kernel_ms,rms_graph_kernel_gib_s,cudnn_ms,cudnn_gib_s,cudnn_graph_kernel_ms,cudnn_graph_kernel_gib_s,cudnn_max_abs,scale_free_ms,scale_free_gib_s,scale_free_graph_kernel_ms,scale_free_graph_kernel_gib_s,cudnn_one_scale_ms,cudnn_one_scale_gib_s,cudnn_one_scale_graph_kernel_ms,cudnn_one_scale_graph_kernel_gib_s,cudnn_one_scale_max_abs,scale_free_vs_cudnn_one_scale,residual_ms,fused_ms,split_ms,fused_vs_split,fused_graph_kernel_ms,split_graph_kernel_ms,fused_graph_vs_split_graph,cudnn_split_ms,cudnn_split_graph_ms,fused_vs_cudnn_split,cudnn_split_max_abs
1,0.009726,3.089,0.002125,14.136,-1.000000,0.000,-1.000000,0.000,-1,0.012096,1.656,0.005297,3.781,-1.000000,0.000,-1.000000,0.000,-1,-1.000,0.008932,0.012828,0.020548,1.602,0.002450,0.003420,1.396,-1.000000,-1.000000,-1.000,-1
4,0.012774,9.407,0.007511,15.997,-1.000000,0.000,-1.000000,0.000,-1,0.011697,6.848,0.005229,15.319,-1.000000,0.000,-1.000000,0.000,-1,-1.000,0.008726,0.012018,0.022454,1.868,0.001968,0.008648,4.394,-1.000000,-1.000000,-1.000,-1
16,0.008185,58.724,0.007594,63.292,-1.000000,0.000,-1.000000,0.000,-1,0.007432,43.116,0.005231,61.260,-1.000000,0.000,-1.000000,0.000,-1,-1.000,0.008174,0.012999,0.025461,1.959,0.002031,0.008788,4.326,-1.000000,-1.000000,-1.000,-1
64,0.012980,148.126,0.007727,248.805,-1.000000,0.000,-1.000000,0.000,-1,0.012670,101.160,0.005211,245.973,-1.000000,0.000,-1.000000,0.000,-1,-1.000,0.009010,0.012303,0.023290,1.893,0.002935,0.010155,3.460,-1.000000,-1.000000,-1.000,-1
256,0.014056,547.115,0.008944,859.842,-1.000000,0.000,-1.000000,0.000,-1,0.010797,474.830,0.006098,840.815,-1.000000,0.000,-1.000000,0.000,-1,-1.000,0.010991,0.018395,0.021988,1.195,0.017352,0.020713,1.194,-1.000000,-1.000000,-1.000,-1
1024,0.046806,657.221,0.045629,674.173,-1.000000,0.000,-1.000000,0.000,-1,0.036635,559.794,0.035714,574.225,-1.000000,0.000,-1.000000,0.000,-1,-1.000,0.050268,0.066956,0.096953,1.448,0.065962,0.094980,1.440,-1.000000,-1.000000,-1.000,-1
