device=NVIDIA RTX A6000
shape=width5376,max_rows=1024,seed=0x20260618
iters=100,warmup_iters=20,trials=5
cudnn_frontend=not_compiled
rows,rms_ms,rms_gib_s,rms_graph_kernel_ms,rms_graph_kernel_gib_s,cudnn_ms,cudnn_gib_s,cudnn_graph_kernel_ms,cudnn_graph_kernel_gib_s,cudnn_max_abs,scale_free_ms,scale_free_gib_s,scale_free_graph_kernel_ms,scale_free_graph_kernel_gib_s,cudnn_one_scale_ms,cudnn_one_scale_gib_s,cudnn_one_scale_graph_kernel_ms,cudnn_one_scale_graph_kernel_gib_s,cudnn_one_scale_max_abs,scale_free_vs_cudnn_one_scale,residual_ms,fused_ms,split_ms,fused_vs_split,fused_graph_kernel_ms,split_graph_kernel_ms,fused_graph_vs_split_graph,cudnn_split_ms,cudnn_split_graph_ms,fused_vs_cudnn_split,cudnn_split_max_abs
1,0.008588,3.498,0.002179,13.789,-1.000000,0.000,-1.000000,0.000,-1,0.011827,1.693,0.005467,3.664,-1.000000,0.000,-1.000000,0.000,-1,-1.000,0.007802,0.013000,0.014932,1.149,0.002466,0.003398,1.378,-1.000000,-1.000000,-1.000,-1
4,0.014054,8.550,0.009149,13.133,-1.000000,0.000,-1.000000,0.000,-1,0.013114,6.109,0.005117,15.654,-1.000000,0.000,-1.000000,0.000,-1,-1.000,0.010656,0.013092,0.027354,2.089,0.001942,0.010265,5.286,-1.000000,-1.000000,-1.000,-1
16,0.013682,35.131,0.009174,52.394,-1.000000,0.000,-1.000000,0.000,-1,0.012472,25.692,0.005161,62.092,-1.000000,0.000,-1.000000,0.000,-1,-1.000,0.011024,0.012952,0.025984,2.006,0.002027,0.010559,5.210,-1.000000,-1.000000,-1.000,-1
64,0.012936,148.621,0.009814,195.903,-1.000000,0.000,-1.000000,0.000,-1,0.012099,105.941,0.005187,247.096,-1.000000,0.000,-1.000000,0.000,-1,-1.000,0.014692,0.012306,0.021827,1.774,0.002920,0.012273,4.204,-1.000000,-1.000000,-1.000,-1
256,0.012513,614.597,0.010600,725.534,-1.000000,0.000,-1.000000,0.000,-1,0.019738,259.756,0.005941,862.961,-1.000000,0.000,-1.000000,0.000,-1,-1.000,0.010963,0.019888,0.036560,1.838,0.017315,0.022573,1.304,-1.000000,-1.000000,-1.000,-1
1024,0.057429,535.647,0.056703,542.503,-1.000000,0.000,-1.000000,0.000,-1,0.036644,559.643,0.035804,572.777,-1.000000,0.000,-1.000000,0.000,-1,-1.000,0.050285,0.067025,0.109871,1.639,0.065900,0.108024,1.639,-1.000000,-1.000000,-1.000,-1
