device=NVIDIA RTX A6000
shape=width5376,max_rows=1024,seed=0x20260618
iters=300,warmup_iters=50,trials=7
cudnn_frontend=not_compiled
rows,rms_ms,rms_gib_s,rms_graph_kernel_ms,rms_graph_kernel_gib_s,cudnn_ms,cudnn_gib_s,cudnn_graph_kernel_ms,cudnn_graph_kernel_gib_s,cudnn_max_abs,scale_free_ms,scale_free_gib_s,scale_free_graph_kernel_ms,scale_free_graph_kernel_gib_s,cudnn_one_scale_ms,cudnn_one_scale_gib_s,cudnn_one_scale_graph_kernel_ms,cudnn_one_scale_graph_kernel_gib_s,cudnn_one_scale_max_abs,scale_free_vs_cudnn_one_scale,residual_ms,fused_ms,split_ms,fused_vs_split,fused_graph_kernel_ms,split_graph_kernel_ms,fused_graph_vs_split_graph,cudnn_split_ms,cudnn_split_graph_ms,fused_vs_cudnn_split,cudnn_split_max_abs
1,0.008243,3.645,0.002047,14.675,-1.000000,0.000,-1.000000,0.000,-1,0.010358,1.934,0.005055,3.962,-1.000000,0.000,-1.000000,0.000,-1,-1.000,0.009519,0.007773,0.014368,1.848,0.002327,0.003173,1.363,-1.000000,-1.000000,-1.000,-1
4,0.010495,11.450,0.007409,16.219,-1.000000,0.000,-1.000000,0.000,-1,0.009107,8.796,0.005143,15.577,-1.000000,0.000,-1.000000,0.000,-1,-1.000,0.010548,0.008419,0.015012,1.783,0.001943,0.008534,4.393,-1.000000,-1.000000,-1.000,-1
16,0.012352,38.912,0.007452,64.500,-1.000000,0.000,-1.000000,0.000,-1,0.010418,30.756,0.005149,62.230,-1.000000,0.000,-1.000000,0.000,-1,-1.000,0.008416,0.010759,0.019684,1.830,0.002021,0.008654,4.283,-1.000000,-1.000000,-1.000,-1
64,0.010499,183.131,0.007673,250.552,-1.000000,0.000,-1.000000,0.000,-1,0.009498,134.942,0.005195,246.721,-1.000000,0.000,-1.000000,0.000,-1,-1.000,0.006885,0.009886,0.014532,1.470,0.002906,0.009354,3.219,-1.000000,-1.000000,-1.000,-1
256,0.009384,819.535,0.008859,868.104,-1.000000,0.000,-1.000000,0.000,-1,0.008605,595.788,0.006019,851.797,-1.000000,0.000,-1.000000,0.000,-1,-1.000,0.010997,0.018369,0.022037,1.200,0.017273,0.020648,1.195,-1.000000,-1.000000,-1.000,-1
1024,0.046783,657.540,0.045622,674.271,-1.000000,0.000,-1.000000,0.000,-1,0.036608,560.202,0.035721,574.111,-1.000000,0.000,-1.000000,0.000,-1,-1.000,0.050275,0.066956,0.096972,1.448,0.065897,0.094936,1.441,-1.000000,-1.000000,-1.000,-1
