device=NVIDIA RTX A6000
shape=width5376,max_rows=1024,seed=0x20260618
iters=300,warmup_iters=50,trials=7
cudnn_frontend=not_compiled
rows,rms_ms,rms_gib_s,rms_graph_kernel_ms,rms_graph_kernel_gib_s,cudnn_ms,cudnn_gib_s,cudnn_graph_kernel_ms,cudnn_graph_kernel_gib_s,cudnn_max_abs,scale_free_ms,scale_free_gib_s,scale_free_graph_kernel_ms,scale_free_graph_kernel_gib_s,cudnn_one_scale_ms,cudnn_one_scale_gib_s,cudnn_one_scale_graph_kernel_ms,cudnn_one_scale_graph_kernel_gib_s,cudnn_one_scale_max_abs,scale_free_vs_cudnn_one_scale,residual_ms,fused_ms,split_ms,fused_vs_split,fused_graph_kernel_ms,split_graph_kernel_ms,fused_graph_vs_split_graph,cudnn_split_ms,cudnn_split_graph_ms,fused_vs_cudnn_split,cudnn_split_max_abs
1,0.008987,3.343,0.002054,14.626,-1.000000,0.000,-1.000000,0.000,-1,0.009970,2.009,0.005076,3.946,-1.000000,0.000,-1.000000,0.000,-1,-1.000,0.006952,0.009195,0.013891,1.511,0.002314,0.003209,1.387,-1.000000,-1.000000,-1.000,-1
4,0.007502,16.018,0.006889,17.443,-1.000000,0.000,-1.000000,0.000,-1,0.009619,8.328,0.005198,15.410,-1.000000,0.000,-1.000000,0.000,-1,-1.000,0.007687,0.009942,0.016537,1.663,0.001971,0.007998,4.058,-1.000000,-1.000000,-1.000,-1
16,0.007996,60.115,0.006891,69.749,-1.000000,0.000,-1.000000,0.000,-1,0.009000,35.603,0.005216,61.434,-1.000000,0.000,-1.000000,0.000,-1,-1.000,0.009563,0.010179,0.015759,1.548,0.002034,0.008051,3.958,-1.000000,-1.000000,-1.000,-1
64,0.009948,193.258,0.007053,272.594,-1.000000,0.000,-1.000000,0.000,-1,0.011674,109.798,0.005234,244.886,-1.000000,0.000,-1.000000,0.000,-1,-1.000,0.008947,0.007644,0.013604,1.780,0.002937,0.008777,2.989,-1.000000,-1.000000,-1.000,-1
256,0.010254,750.018,0.009168,838.834,-1.000000,0.000,-1.000000,0.000,-1,0.010539,486.475,0.006406,800.339,-1.000000,0.000,-1.000000,0.000,-1,-1.000,0.010991,0.018365,0.022137,1.205,0.017293,0.020562,1.189,-1.000000,-1.000000,-1.000,-1
1024,0.045712,672.942,0.044493,691.388,-1.000000,0.000,-1.000000,0.000,-1,0.037331,549.346,0.036299,564.976,-1.000000,0.000,-1.000000,0.000,-1,-1.000,0.050295,0.066993,0.096236,1.437,0.065944,0.093910,1.424,-1.000000,-1.000000,-1.000,-1
