device=NVIDIA RTX A6000
shape=width5376,max_rows=1024,seed=0x20260618
iters=300,warmup_iters=50,trials=7
cudnn_frontend=not_compiled
rows,rms_ms,rms_gib_s,rms_graph_kernel_ms,rms_graph_kernel_gib_s,cudnn_ms,cudnn_gib_s,cudnn_graph_kernel_ms,cudnn_graph_kernel_gib_s,cudnn_max_abs,scale_free_ms,scale_free_gib_s,scale_free_graph_kernel_ms,scale_free_graph_kernel_gib_s,cudnn_one_scale_ms,cudnn_one_scale_gib_s,cudnn_one_scale_graph_kernel_ms,cudnn_one_scale_graph_kernel_gib_s,cudnn_one_scale_max_abs,scale_free_vs_cudnn_one_scale,residual_ms,fused_ms,split_ms,fused_vs_split,fused_graph_kernel_ms,split_graph_kernel_ms,fused_graph_vs_split_graph,cudnn_split_ms,cudnn_split_graph_ms,fused_vs_cudnn_split,cudnn_split_max_abs
1,0.007263,4.136,0.001941,15.475,-1.000000,0.000,-1.000000,0.000,-1,0.009269,2.161,0.004877,4.106,-1.000000,0.000,-1.000000,0.000,-1,-1.000,0.008978,0.010242,0.012122,1.184,0.002177,0.002956,1.358,-1.000000,-1.000000,-1.000,-1
4,0.009450,12.716,0.006210,19.349,-1.000000,0.000,-1.000000,0.000,-1,0.005971,13.417,0.005003,16.012,-1.000000,0.000,-1.000000,0.000,-1,-1.000,0.006012,0.008207,0.015285,1.862,0.001906,0.007260,3.808,-1.000000,-1.000000,-1.000,-1
16,0.008161,58.900,0.006234,77.101,-1.000000,0.000,-1.000000,0.000,-1,0.008254,38.823,0.005014,63.908,-1.000000,0.000,-1.000000,0.000,-1,-1.000,0.006972,0.006762,0.019636,2.904,0.001928,0.007380,3.828,-1.000000,-1.000000,-1.000,-1
64,0.007381,260.491,0.006433,298.863,-1.000000,0.000,-1.000000,0.000,-1,0.009021,142.082,0.005030,254.842,-1.000000,0.000,-1.000000,0.000,-1,-1.000,0.008727,0.006844,0.024274,3.547,0.002817,0.008077,2.867,-1.000000,-1.000000,-1.000,-1
256,0.010625,723.801,0.008316,924.781,-1.000000,0.000,-1.000000,0.000,-1,0.010926,469.240,0.006143,834.653,-1.000000,0.000,-1.000000,0.000,-1,-1.000,0.010961,0.018284,0.021371,1.169,0.017209,0.019638,1.141,-1.000000,-1.000000,-1.000,-1
1024,0.044149,696.777,0.043254,711.192,-1.000000,0.000,-1.000000,0.000,-1,0.037182,551.556,0.036262,565.553,-1.000000,0.000,-1.000000,0.000,-1,-1.000,0.050209,0.066927,0.094668,1.414,0.065830,0.092703,1.408,-1.000000,-1.000000,-1.000,-1
